1 338
2 205
3 174
4 159
5 150
6 145
7 141
8 139
9 137
10 135
11 134
12 133
13 132
14 132
15 131
16 131
17 130
18 131
19 130
20 130
21 130
22 129
23 130
24 130
25 129
26 130
27 129
28 130
29 129
30 130
31 129
32 129
33 130
34 129
35 129
36 130
37 129
38 129
39 129
40 130
41 129
42 129
43 129
44 129
45 129
46 129
47 129
48 129
49 129
50 129
51 129
52 129
53 129
54 129
55 128
56 129
57 129
58 129
59 129
60 129
61 128
62 129
63 129
64 129
65 128
66 129
67 129
68 129
69 129
70 128
71 129
72 129
73 128
74 129
75 129
76 128
77 129
78 128
79 129
80 129
81 128
82 129
83 128
84 129
85 129
86 128
87 129
88 128
89 129
90 129
91 128
92 129
93 128
94 129
95 128
96 129
97 128
98 129
99 128
100 129
101 128
102 129
103 128
104 128
105 129
106 128
107 129
108 128
109 128
110 129
111 128
112 129
113 128
114 128
115 129
116 128
117 128
118 129
119 128
120 129
121 128
122 128
123 128
124 129
125 128
126 128
127 129
128 128
129 128
130 129
131 128
132 129
133 128
134 129
135 128
136 129
137 128
138 129
139 128
140 129
141 128
142 128
143 129
144 128
145 128
146 129
147 128
148 128
149 128
150 128
151 128
152 129
153 128
154 128
155 128
156 129
157 128
158 128
159 128
160 128
161 128
162 129
163 128
164 128
165 129
166 128
167 128
168 129
169 128
170 128
171 129
172 128
173 128
174 129
175 128
176 129
177 128
178 128
179 128
180 129
181 128
182 129
183 128
184 128
185 128
186 128
187 129
188 128
189 128
190 129
191 128
192 128
193 128
194 128
195 128
196 129
197 128
198 128
199 128
