1 753
2 703
3 694
4 687
5 352
6 335
7 684
8 686
9 684
10 686
11 685
12 687
13 685
14 686
15 683
16 686
17 686
18 687
19 686
20 691
21 688
22 688
23 686
24 693
25 692
26 690
27 687
28 690
29 689
30 686
31 687
32 690
33 690
34 690
35 691
36 693
37 690
38 688
39 688
40 688
41 689
42 688
43 687
44 690
45 688
46 689
47 688
48 691
49 690
50 688
51 686
52 688
53 686
54 687
55 686
56 689
57 687
58 687
59 685
60 687
61 685
62 684
63 685
64 686
65 684
66 685
67 686
68 689
69 687
70 687
71 688
72 693
73 692
74 690
75 689
76 689
77 687
78 689
79 687
80 688
81 691
82 692
83 694
84 692
85 690
86 688
87 689
88 689
89 687
90 687
91 689
92 691
93 690
94 687
95 688
96 690
97 688
98 687
99 684
100 685
101 684
102 687
103 687
104 688
105 688
106 687
107 687
108 689
109 687
110 686
111 686
112 685
113 686
114 686
115 687
116 688
117 686
118 686
119 686
120 690
121 688
122 691
123 688
124 687
125 684
126 686
127 685
128 686
129 689
130 689
131 688
132 690
133 690
134 690
135 687
136 689
137 687
138 687
139 688
140 690
141 688
142 687
143 688
144 689
145 686
146 686
147 684
148 685
149 684
150 684
151 685
152 687
153 688
154 689
155 685
156 688
157 685
158 687
159 685
160 688
161 685
162 686
163 687
164 688
165 687
166 687
167 686
168 687
169 689
170 689
171 687
172 691
173 690
174 688
175 687
176 688
177 684
178 686
179 684
180 688
181 688
182 688
183 686
184 688
185 686
186 684
187 686
188 688
189 686
190 687
191 687
192 687
193 685
194 686
195 684
196 685
197 686
198 687
199 686

