1 456
2 377
3 354
4 343
5 339
6 336
7 336
8 335
9 334
10 333
11 335
12 334
13 334
14 333
15 334
16 334
17 334
18 333
19 334
20 332
21 333
22 333
23 334
24 333
25 334
26 333
27 334
28 333
29 334
30 333
31 333
32 333
33 333
34 332
35 334
36 332
37 334
38 333
39 333
40 333
41 334
42 332
43 333
44 333
45 333
46 333
47 334
48 333
49 333
50 333
51 334
52 334
53 333
54 334
55 333
56 333
57 334
58 333
59 334
60 333
61 334
62 333
63 334
64 333
65 334
66 334
67 333
68 333
69 334
70 332
71 333
72 334
73 333
74 333
75 334
76 333
77 333
78 332
79 334
80 332
81 334
82 333
83 333
84 334
85 333
86 333
87 334
88 333
89 334
90 333
91 333
92 332
93 333
94 333
95 334
96 175
97 159
98 333
99 333
100 333
101 334
102 334
103 333
104 334
105 333
106 333
107 333
108 334
109 333
110 333
111 333
112 333
113 334
114 333
115 332
116 333
117 333
118 333
119 331
120 333
121 333
122 333
123 333
124 174
125 159
126 332
127 333
128 333
129 332
130 332
131 332
132 332
133 333
134 333
135 332
136 333
137 332
138 332
139 333
140 332
141 333
142 332
143 333
144 332
145 334
146 333
147 334
148 332
149 334
150 333
151 334
152 333
153 332
154 333
155 333
156 333
157 333
158 332
159 333
160 333
161 333
162 332
163 333
164 332
165 333
166 332
167 333
168 331
169 332
170 332
171 332
172 333
173 332
174 333
175 333
176 333
177 333
178 332
179 332
180 332
181 333
182 332
183 333
184 332
185 333
186 332
187 334
188 332
189 333
190 333
191 334
192 333
193 334
194 333
195 332
196 332
197 333
198 333
199 333

