1 315
2 265
3 244
4 234
5 229
6 225
7 223
8 222
9 221
10 220
11 220
12 219
13 219
14 219
15 218
16 219
17 219
18 219
19 218
20 220
21 218
22 219
23 219
24 218
25 219
26 218
27 219
28 219
29 219
30 218
31 219
32 219
33 219
34 218
35 219
36 219
37 219
38 218
39 219
40 219
41 218
42 219
43 219
44 219
45 219
46 219
47 219
48 218
49 219
50 219
51 218
52 219
53 218
54 219
55 219
56 219
57 218
58 219
59 218
60 219
61 218
62 218
63 218
64 218
65 219
66 219
67 218
68 218
69 219
70 219
71 218
72 218
73 218
74 219
75 218
76 218
77 219
78 219
79 218
80 218
81 219
82 218
83 218
84 219
85 218
86 218
87 218
88 219
89 218
90 218
91 218
92 219
93 218
94 218
95 218
96 219
97 218
98 218
99 218
100 218
101 218
102 219
103 218
104 219
105 218
106 218
107 219
108 218
109 218
110 218
111 218
112 218
113 217
114 219
115 217
116 218
117 218
118 218
119 218
120 218
121 218
122 218
123 218
124 218
125 218
126 218
127 218
128 218
129 218
130 218
131 218
132 219
133 218
134 218
135 218
136 218
137 218
138 218
139 218
140 219
141 218
142 219
143 218
144 218
145 218
146 218
147 218
148 219
149 218
150 218
151 218
152 218
153 218
154 218
155 218
156 218
157 218
158 218
159 218
160 218
161 218
162 218
163 218
164 218
165 218
166 218
167 217
168 218
169 218
170 219
171 218
172 218
173 218
174 218
175 218
176 218
177 218
178 219
179 218
180 218
181 218
182 219
183 218
184 218
185 218
186 219
187 218
188 219
189 218
190 218
191 218
192 218
193 218
194 218
195 219
196 218
197 218
198 219
199 116
