1 293
2 223
3 198
4 187
5 178
6 174
7 170
8 169
9 166
10 166
11 165
12 164
13 164
14 164
15 163
16 163
17 163
18 163
19 162
20 163
21 163
22 163
23 163
24 162
25 163
26 163
27 163
28 163
29 162
30 163
31 162
32 163
33 163
34 162
35 162
36 163
37 162
38 163
39 162
40 162
41 163
42 162
43 162
44 163
45 162
46 163
47 162
48 163
49 163
50 162
51 163
52 162
53 163
54 162
55 163
56 162
57 163
58 162
59 162
60 163
61 162
62 162
63 162
64 163
65 162
66 162
67 162
68 163
69 162
70 162
71 162
72 163
73 162
74 162
75 163
76 162
77 162
78 163
79 162
80 162
81 162
82 162
83 162
84 162
85 162
86 162
87 162
88 162
89 162
90 163
91 162
92 162
93 162
94 163
95 162
96 162
97 162
98 162
99 162
100 162
101 162
102 162
103 162
104 163
105 161
106 163
107 161
108 163
109 162
110 162
111 161
112 163
113 161
114 162
115 162
116 162
117 162
118 162
119 162
120 162
121 162
122 162
123 161
124 162
125 162
126 162
127 162
128 161
129 162
130 162
131 162
132 162
133 162
134 162
135 162
136 162
137 162
138 162
139 162
140 162
141 161
142 162
143 161
144 162
145 162
146 162
147 161
148 162
149 162
150 162
151 161
152 162
153 162
154 162
155 161
156 162
157 162
158 162
159 162
160 162
161 162
162 161
163 162
164 162
165 162
166 162
167 161
168 162
169 162
170 162
171 162
172 162
173 162
174 162
175 162
176 162
177 162
178 162
179 161
180 162
181 162
182 162
183 161
184 162
185 162
186 161
187 162
188 162
189 161
190 162
191 161
192 162
193 162
194 162
195 162
196 162
197 162
198 162
199 161
