1 255
2 192
3 170
4 158
5 151
6 145
7 142
8 140
9 137
10 136
11 135
12 133
13 133
14 133
15 132
16 131
17 132
18 131
19 131
20 131
21 130
22 131
23 130
24 130
25 131
26 130
27 130
28 130
29 130
30 130
31 131
32 130
33 130
34 130
35 130
36 129
37 130
38 130
39 130
40 130
41 130
42 129
43 130
44 129
45 130
46 129
47 130
48 130
49 129
50 130
51 129
52 129
53 130
54 129
55 130
56 129
57 130
58 129
59 129
60 130
61 129
62 129
63 130
64 129
65 130
66 129
67 130
68 129
69 129
70 129
71 130
72 129
73 129
74 130
75 129
76 129
77 130
78 129
79 129
80 129
81 129
82 129
83 129
84 129
85 130
86 129
87 129
88 129
89 130
90 129
91 129
92 129
93 129
94 129
95 129
96 130
97 129
98 129
99 129
100 129
101 129
102 129
103 130
104 129
105 129
106 129
107 129
108 129
109 129
110 129
111 129
112 129
113 130
114 129
115 129
116 129
117 129
118 129
119 130
120 129
121 129
122 129
123 129
124 129
125 129
126 129
127 129
128 129
129 129
130 130
131 129
132 129
133 129
134 128
135 129
136 129
137 129
138 129
139 129
140 129
141 129
142 129
143 129
144 129
145 129
146 129
147 129
148 129
149 129
150 128
151 129
152 129
153 129
154 129
155 129
156 129
157 129
158 128
159 129
160 129
161 129
162 129
163 129
164 128
165 129
166 129
167 129
168 129
169 129
170 128
171 129
172 129
173 129
174 128
175 129
176 129
177 128
178 129
179 129
180 129
181 128
182 129
183 129
184 128
185 129
186 129
187 129
188 128
189 129
190 129
191 128
192 129
193 129
194 128
195 129
196 129
197 129
198 128
199 129
