1 240
2 187
3 167
4 156
5 148
6 144
7 140
8 138
9 137
10 135
11 134
12 133
13 132
14 132
15 131
16 131
17 131
18 130
19 131
20 130
21 131
22 130
23 130
24 130
25 130
26 130
27 130
28 129
29 130
30 130
31 130
32 129
33 130
34 129
35 130
36 129
37 129
38 130
39 129
40 129
41 130
42 129
43 130
44 129
45 129
46 129
47 129
48 129
49 130
50 129
51 129
52 129
53 129
54 129
55 129
56 129
57 129
58 129
59 129
60 129
61 129
62 128
63 129
64 129
65 129
66 129
67 129
68 129
69 129
70 128
71 130
72 128
73 129
74 129
75 129
76 129
77 129
78 129
79 129
80 128
81 129
82 129
83 128
84 129
85 129
86 128
87 129
88 129
89 129
90 128
91 129
92 128
93 129
94 129
95 128
96 129
97 128
98 129
99 128
100 129
101 128
102 129
103 128
104 129
105 128
106 129
107 128
108 128
109 129
110 128
111 129
112 128
113 129
114 128
115 129
116 128
117 128
118 129
119 128
120 128
121 129
122 128
123 129
124 128
125 128
126 128
127 129
128 128
129 129
130 128
131 128
132 128
133 129
134 128
135 128
136 128
137 129
138 128
139 128
140 128
141 129
142 128
143 128
144 128
145 129
146 128
147 128
148 128
149 129
150 128
151 128
152 128
153 129
154 128
155 128
156 129
157 128
158 128
159 129
160 128
161 128
162 128
163 129
164 128
165 128
166 129
167 128
168 128
169 129
170 128
171 128
172 128
173 129
174 128
175 128
176 128
177 129
178 128
179 128
180 128
181 129
182 128
183 128
184 128
185 129
186 128
187 128
188 128
189 128
190 128
191 129
192 128
193 128
194 128
195 128
196 128
197 128
198 128
199 128
