1 312
2 260
3 239
4 229
5 221
6 218
7 215
8 214
9 212
10 212
11 211
12 211
13 210
14 211
15 209
16 210
17 209
18 210
19 210
20 210
21 209
22 209
23 209
24 209
25 209
26 209
27 209
28 209
29 208
30 209
31 208
32 209
33 208
34 209
35 208
36 208
37 208
38 208
39 209
40 208
41 208
42 208
43 208
44 208
45 208
46 208
47 208
48 208
49 208
50 208
51 208
52 208
53 208
54 209
55 207
56 208
57 209
58 208
59 207
60 208
61 208
62 207
63 208
64 207
65 208
66 208
67 207
68 208
69 207
70 208
71 208
72 208
73 207
74 208
75 208
76 208
77 207
78 208
79 207
80 208
81 207
82 208
83 207
84 208
85 207
86 208
87 208
88 208
89 207
90 208
91 207
92 208
93 207
94 208
95 207
96 208
97 207
98 208
99 207
100 208
101 207
102 208
103 207
104 208
105 207
106 207
107 207
108 208
109 207
110 207
111 207
112 208
113 207
114 207
115 207
116 207
117 207
118 207
119 207
120 208
121 207
122 207
123 208
124 207
125 208
126 207
127 208
128 207
129 207
130 208
131 207
132 208
133 208
134 207
135 207
136 208
137 207
138 207
139 207
140 208
141 207
142 207
143 207
144 208
145 207
146 207
147 207
148 208
149 207
150 207
151 207
152 207
153 207
154 208
155 206
156 207
157 207
158 208
159 207
160 207
161 208
162 207
163 207
164 207
165 207
166 207
167 207
168 207
169 208
170 207
171 207
172 208
173 207
174 207
175 208
176 207
177 207
178 207
179 207
180 208
181 206
182 208
183 207
184 207
185 207
186 207
187 207
188 207
189 207
190 207
191 207
192 207
193 207
194 207
195 207
196 207
197 207
198 207
199 207
