1 234
2 185
3 166
4 155
5 148
6 143
7 140
8 139
9 136
10 135
11 133
12 133
13 132
14 131
15 131
16 131
17 130
18 131
19 130
20 130
21 130
22 130
23 130
24 129
25 130
26 129
27 130
28 129
29 130
30 129
31 129
32 130
33 129
34 129
35 130
36 129
37 129
38 129
39 129
40 129
41 129
42 129
43 129
44 129
45 129
46 129
47 129
48 129
49 129
50 128
51 129
52 129
53 128
54 129
55 129
56 128
57 129
58 129
59 129
60 128
61 129
62 129
63 128
64 129
65 128
66 129
67 128
68 129
69 128
70 129
71 128
72 129
73 129
74 128
75 129
76 128
77 129
78 128
79 129
80 128
81 129
82 128
83 129
84 128
85 129
86 128
87 128
88 129
89 128
90 128
91 129
92 128
93 129
94 128
95 129
96 128
97 128
98 129
99 128
100 129
101 128
102 128
103 129
104 128
105 128
106 129
107 128
108 129
109 128
110 128
111 129
112 128
113 129
114 128
115 128
116 129
117 128
118 129
119 128
120 128
121 129
122 128
123 128
124 129
125 128
126 128
127 128
128 129
129 128
130 128
131 128
132 129
133 127
134 129
135 128
136 128
137 128
138 129
139 128
140 129
141 128
142 128
143 129
144 128
145 128
146 129
147 128
148 128
149 128
150 128
151 128
152 129
153 128
154 128
155 128
156 129
157 128
158 128
159 128
160 129
161 128
162 128
163 128
164 129
165 128
166 128
167 128
168 129
169 128
170 128
171 128
172 128
173 128
174 129
175 128
176 128
177 128
178 129
179 128
180 128
181 128
182 128
183 128
184 129
185 128
186 128
187 128
188 129
189 128
190 128
191 128
192 128
193 128
194 128
195 128
196 129
197 128
198 128
199 128
