1 0 1
2 0 1
3 0 2
4 0 3
5 0 3
6 0 4
7 0 5
8 0 5
9 0 6
10 0 6
11 0 7
12 0 8
13 0 8
14 0 9
15 0 10
16 0 10
17 0 11
18 0 11
19 0 12
20 0 13
21 0 13
22 0 14
23 0 15
24 0 15
25 0 16
26 0 17
27 0 17
28 0 18
29 0 18
30 0 19
31 0 20
32 0 20
33 0 21
34 0 22
35 0 22
36 0 23
37 0 23
38 87 24
39 87 24
40 87 25
41 87 25
42 87 26
43 87 26
44 87 26
45 87 27
46 87 27
47 87 28
48 87 28
49 87 29
50 276 29
51 276 28
52 276 28
53 276 28
54 276 28
55 276 28
56 276 28
57 276 28
58 276 28
59 276 28
60 343 28
61 343 28
62 343 28
63 343 27
64 343 27
65 343 27
66 343 27
67 343 27
68 343 27
69 364 26
70 364 26
71 364 26
72 364 26
73 364 25
74 364 25
75 364 25
76 364 25
77 364 24
78 357 24
79 357 24
80 357 24
81 357 23
82 357 23
83 357 23
84 357 23
85 357 23
86 357 22
87 357 22
88 334 22
89 334 22
90 334 22
91 334 21
92 334 21
93 334 21
94 334 21
95 334 21
96 334 21
97 334 20
98 334 20
99 305 20
100 305 20
101 305 20
102 305 20
103 305 20
104 305 20
105 305 19
106 305 19
107 305 19
108 305 19
109 305 19
110 305 19
111 278 19
112 278 19
113 278 19
114 278 19
115 278 19
116 278 19
117 278 19
118 278 19
119 278 19
120 278 19
121 278 19
122 278 19
123 278 19
124 260 19
125 260 19
126 260 19
127 260 19
128 260 19
129 260 19
130 260 19
131 260 19
132 260 19
133 260 19
134 260 19
135 260 19
136 260 19
137 253 19
138 253 19
139 253 19
140 253 19
141 253 19
142 253 19
143 253 19
144 253 19
145 253 19
146 253 19
147 253 19
148 253 19
149 253 19
150 252 19
151 252 19
152 252 19
153 252 19
154 252 19
155 252 19
156 252 19
157 252 19
158 252 19
159 252 19
160 252 19
161 252 19
162 252 19
163 252 19
164 251 19
165 251 19
166 251 19
167 251 19
168 251 19
169 251 19
170 251 20
171 251 20
172 251 20
173 251 20
174 251 20
175 251 20
176 251 20
177 253 20
178 253 20
179 253 20
180 253 20
181 253 20
182 253 20
183 253 20
184 253 20
185 253 20
186 253 20
187 253 20
188 253 20
189 253 20
190 262 20
191 262 20
192 262 20
193 262 20
194 262 20
195 262 20
196 262 20
197 262 20
198 262 20
199 262 20
200 262 20
201 262 20
202 264 20
203 264 20
204 264 20
205 264 20
206 264 20
207 264 20
208 264 20
209 264 20
210 264 20
211 264 20
212 264 20
213 264 20
214 264 20
215 265 20
216 265 20
217 265 20
218 265 20
219 265 20
220 265 20
221 265 20
222 265 20
223 265 20
224 265 20
225 265 20
226 265 20
227 265 20
228 265 20
229 265 20
230 265 20
231 265 20
232 265 20
233 265 20
234 265 20
235 265 20
236 265 20
237 265 20
238 265 20
239 265 20
240 265 20
241 265 20
242 265 20
243 265 20
244 265 20
245 265 20
246 265 20
247 265 20
248 265 20
249 265 20
250 265 20
251 265 20
252 265 20
253 265 20
254 265 20
255 265 20
256 265 20
257 265 20
258 265 20
259 265 20
260 265 20
261 265 20
262 265 20
263 265 20
264 265 20
265 265 20
266 265 20
267 265 20
268 265 20
269 265 20
270 265 20
271 265 20
272 265 20
273 265 20
274 265 20
275 265 20
276 265 20
277 265 20
278 266 20
279 266 20
280 266 20
281 266 20
282 266 20
283 266 20
284 266 20
285 266 20
286 266 20
287 266 20
288 266 20
289 266 20
290 266 20
291 266 20
292 266 20
293 266 20
294 266 20
295 266 20
296 266 20
297 266 20
298 266 20
299 266 20
300 266 20
301 266 20
302 266 20
303 265 19
304 265 19
305 265 19
306 265 19
307 265 19
308 265 19
309 265 19
310 265 19
311 265 19
312 265 19
313 265 19
314 265 19
315 265 19
316 259 19
317 259 19
318 259 19
319 259 19
320 259 19
321 259 19
322 259 20
323 259 20
324 259 20
325 259 20
326 259 20
327 259 20
328 259 20
329 255 20
330 255 20
331 255 20
332 255 20
333 255 20
334 255 20
335 255 20
336 255 20
337 255 20
338 255 20
339 255 20
340 255 20
341 255 20
342 262 20
343 262 20
344 262 20
345 262 20
346 262 20
347 262 20
348 262 20
349 262 20
350 262 20
351 262 20
352 262 20
353 262 20
354 262 20
355 264 20
356 264 20
357 264 20
358 264 20
359 264 20
360 264 20
361 264 20
362 264 20
363 264 20
364 264 20
365 264 20
366 264 20
367 265 20
368 265 20
369 265 20
370 265 20
371 265 20
372 265 20
373 265 20
374 265 20
375 265 20
376 265 20
377 265 20
378 265 20
379 265 20
380 264 20
381 264 20
382 264 20
383 264 20
384 264 20
385 264 20
386 264 20
387 264 20
388 264 20
389 264 20
390 264 20
391 264 20
392 264 20
393 265 20
394 265 20
395 265 20
396 265 20
397 265 20
398 265 20
399 265 20
400 265 20
401 265 20
402 265 20
403 265 20
404 265 20
405 264 20
406 264 20
407 264 20
408 264 20
409 264 20
410 264 20
411 264 20
412 264 20
413 264 20
414 264 20
415 264 20
416 264 20
417 264 20
418 266 20
419 266 20
420 266 20
421 266 20
422 266 20
423 266 20
424 266 20
425 266 20
426 266 20
427 266 20
428 266 20
429 266 20
430 264 20
431 264 20
432 264 20
433 264 20
434 264 20
435 264 20
436 264 20
437 264 20
438 264 20
439 264 20
440 264 20
441 264 20
442 264 20
443 265 20
444 265 20
445 265 20
446 265 19
447 265 19
448 265 19
449 265 19
450 265 19
451 265 19
452 265 19
453 265 19
454 265 19
455 265 19
456 261 19
457 261 19
458 261 19
459 261 19
460 261 19
461 261 19
462 261 19
463 261 19
464 261 19
465 261 20
466 261 20
467 261 20
468 261 20
469 254 20
470 254 20
471 254 20
472 254 20
473 254 20
474 254 20
475 254 20
476 254 20
477 254 20
478 254 20
479 254 20
480 254 20
481 254 20
482 259 20
483 259 20
484 259 20
485 259 20
486 259 20
487 259 20
488 259 20
489 259 20
490 259 20
491 259 20
492 259 20
493 259 20
494 259 20
495 263 20
496 263 20
497 263 20
498 263 20
499 263 20
500 263 20
501 263 20
502 263 20
503 263 20
504 263 20
505 263 20
506 263 20
507 263 20
508 263 20
509 263 20
510 263 20
511 263 20
512 263 20
513 263 20
514 263 20
515 263 20
516 263 20
517 263 20
518 263 20
519 263 20
520 264 20
521 264 20
522 264 20
523 264 20
524 264 20
525 264 20
526 264 20
527 264 20
528 264 20
529 264 20
530 264 20
531 264 20
532 264 20
533 264 20
534 264 20
535 264 20
536 264 20
537 264 20
538 264 20
539 264 20
540 264 20
541 264 20
542 264 20
543 264 20
544 264 20
545 265 20
546 265 20
547 265 20
548 265 20
549 265 20
550 265 20
551 265 20
552 265 20
553 265 20
554 265 20
555 265 20
556 265 20
557 265 20
558 265 20
559 265 20
560 265 20
561 265 20
562 265 20
563 265 20
564 265 20
565 265 20
566 265 20
567 265 20
568 265 20
569 265 20
570 265 20
571 265 20
572 265 20
573 265 20
574 265 20
575 265 20
576 265 20
577 265 20
578 265 20
579 265 20
580 265 20
581 265 20
582 265 20
583 265 20
584 265 20
585 265 20
586 265 20
587 265 20
588 265 20
589 265 20
590 265 20
591 265 20
592 265 20
593 265 20
594 265 20
595 265 20
596 266 20
597 266 20
598 266 20
599 266 20
