1 0 4
2 0 6
3 0 8
4 0 10
5 0 12
6 0 14
7 0 16
8 0 18
9 0 20
10 0 22
11 0 24
12 258 25
13 258 26
14 258 28
15 258 29
16 258 31
17 258 32
18 258 33
19 258 35
20 258 36
21 258 38
22 258 39
23 258 40
24 258 42
25 270 43
26 270 45
27 270 46
28 270 47
29 270 49
30 270 50
31 270 51
32 465 52
33 465 53
34 465 54
35 465 55
36 465 56
37 465 57
38 590 58
39 590 58
40 590 59
41 590 59
42 590 60
43 674 60
44 674 61
45 674 61
46 674 62
47 742 62
48 742 62
49 742 62
50 742 62
51 787 63
52 787 63
53 787 63
54 787 63
55 787 63
56 815 63
57 815 63
58 815 63
59 815 63
60 841 63
61 841 63
62 841 63
63 852 63
64 852 63
65 852 63
66 852 63
67 868 63
68 868 63
69 868 63
70 868 63
71 868 63
72 868 63
73 868 63
74 868 63
75 877 63
76 877 63
77 877 62
78 877 62
79 885 62
80 885 62
81 885 62
82 885 62
83 872 62
84 872 62
85 872 62
86 877 62
87 877 62
88 877 62
89 877 61
90 872 61
91 872 61
92 872 61
93 872 61
94 872 61
95 872 61
96 872 61
97 872 61
98 860 61
99 860 61
100 860 61
101 860 61
102 860 61
103 860 61
104 860 61
105 860 60
106 860 60
107 860 60
108 860 60
109 860 60
110 852 60
111 852 60
112 852 60
113 852 60
114 852 60
115 852 60
116 852 60
117 852 60
118 848 60
119 848 60
120 848 60
121 848 60
122 837 60
123 837 60
124 837 60
125 837 60
126 848 60
127 848 60
128 848 60
129 852 60
130 852 60
131 852 60
132 852 60
133 837 60
134 837 60
135 837 60
136 837 60
137 848 60
138 848 60
139 848 60
140 848 60
141 848 60
142 848 60
143 848 60
144 848 60
145 844 60
146 844 60
147 844 60
148 844 60
149 848 60
150 848 60
151 848 60
152 848 60
153 844 60
154 844 60
155 844 60
156 844 60
157 848 60
158 848 60
159 848 60
160 848 60
161 852 60
162 852 60
163 852 60
164 852 59
165 852 59
166 852 59
167 852 59
168 852 59
169 837 59
170 837 59
171 837 59
172 837 59
173 837 59
174 837 59
175 837 59
176 837 59
177 833 59
178 833 59
179 833 60
180 833 60
181 829 60
182 829 60
183 829 60
184 829 60
185 837 60
186 837 60
187 837 60
188 837 60
189 841 60
190 841 60
191 841 60
192 841 60
193 829 60
194 829 60
195 829 60
196 829 60
197 844 60
198 844 60
199 844 60
200 844 60
201 837 60
202 837 60
203 837 60
204 837 60
205 848 60
206 848 60
207 848 60
208 848 60
209 844 60
210 844 60
211 844 60
212 844 60
213 852 60
214 852 60
215 852 60
216 852 60
217 844 60
218 844 60
219 844 60
220 844 60
221 852 60
222 852 60
223 852 60
224 852 59
225 844 59
226 844 59
227 844 59
228 844 59
229 844 59
230 844 59
231 844 59
232 844 59
233 844 59
234 844 59
235 844 59
236 844 59
237 833 59
238 833 59
239 833 59
240 833 59
241 837 59
242 837 59
243 837 59
244 837 60
245 833 60
246 833 60
247 833 60
248 833 60
249 829 60
250 829 60
251 829 60
252 829 60
253 844 60
254 844 60
255 844 60
256 844 60
257 844 60
258 844 60
259 844 60
260 844 60
261 841 60
262 841 60
263 841 60
264 841 60
265 837 60
266 837 60
267 837 60
268 837 60
269 848 60
270 848 60
271 848 60
272 848 60
273 837 60
274 837 60
275 837 60
276 837 60
277 852 60
278 852 60
279 852 60
280 844 60
281 844 60
282 844 60
283 844 60
284 844 60
285 844 60
286 844 60
287 844 60
288 844 60
289 844 60
290 844 59
291 844 59
292 848 59
293 848 59
294 848 59
295 848 59
296 844 59
297 844 59
298 844 59
299 844 59
300 829 59
301 829 59
302 829 59
303 829 60
304 841 60
305 841 60
306 841 60
307 841 60
308 833 60
309 833 60
310 833 60
311 833 60
312 844 60
313 844 60
314 844 60
315 844 60
316 848 60
317 848 60
318 848 60
319 848 59
320 844 59
321 844 59
322 844 59
323 844 59
324 841 59
325 841 59
326 841 59
327 841 59
328 829 59
329 829 60
330 829 60
331 829 60
332 837 60
333 837 60
334 837 60
335 837 60
336 844 60
337 844 60
338 844 60
339 844 60
340 841 60
341 841 60
342 841 60
343 841 60
344 837 60
345 837 60
346 837 60
347 837 60
348 848 60
349 848 60
350 848 60
351 848 60
352 852 60
353 852 60
354 852 59
355 852 59
356 841 59
357 841 59
358 841 59
359 841 59
360 837 59
361 837 59
362 837 59
363 837 59
364 833 60
365 833 60
366 833 60
367 833 60
368 837 60
369 837 60
370 837 60
371 837 60
372 841 60
373 841 60
374 841 60
375 841 60
376 837 60
377 837 60
378 837 60
379 837 60
380 848 60
381 848 60
382 848 60
383 848 60
384 844 60
385 844 60
386 844 60
387 844 60
388 848 60
389 848 60
390 848 59
391 848 59
392 848 59
393 848 59
394 848 59
395 848 59
396 848 59
397 848 59
398 848 59
399 848 59
400 841 59
401 841 59
402 841 59
403 841 59
404 829 59
405 829 59
406 829 59
407 829 59
408 837 59
409 837 59
410 837 59
411 837 59
412 841 59
413 841 59
414 841 59
415 841 59
416 826 60
417 826 60
418 826 60
419 826 60
420 841 60
421 841 60
422 841 60
423 841 60
424 826 60
425 826 60
426 826 60
427 826 60
428 844 60
429 844 60
430 844 60
431 844 60
432 844 60
433 844 60
434 844 60
435 844 60
436 833 60
437 833 60
438 833 60
439 833 60
440 848 60
441 848 60
442 848 60
443 848 60
444 844 60
445 844 60
446 844 60
447 844 60
448 848 60
449 848 60
450 848 60
451 848 60
452 841 60
453 841 60
454 841 60
455 841 60
456 841 60
457 841 60
458 841 60
459 841 60
460 841 60
461 841 60
462 841 60
463 841 60
464 833 60
465 833 60
466 833 60
467 833 60
468 848 60
469 848 60
470 848 60
471 848 60
472 852 60
473 852 60
474 852 60
475 852 60
476 837 60
477 837 60
478 837 60
479 848 60
480 848 60
481 848 60
482 848 60
483 848 59
484 848 59
485 848 59
486 848 59
487 844 59
488 844 59
489 844 59
490 844 59
491 844 59
492 844 59
493 844 59
494 844 59
495 841 59
496 841 59
497 841 59
498 841 59
499 829 59
500 829 59
501 829 59
502 829 59
503 826 60
504 826 60
505 826 60
506 826 60
507 841 60
508 841 60
509 841 60
510 841 60
511 833 60
512 833 60
513 833 60
514 833 60
515 841 60
516 841 60
517 841 60
518 841 60
519 833 60
520 833 60
521 833 60
522 833 60
523 844 60
524 844 60
525 844 60
526 844 60
527 841 60
528 841 60
529 841 60
530 841 60
531 844 60
532 844 60
533 844 60
534 844 60
535 844 60
536 844 60
537 844 60
538 844 60
539 856 60
540 856 60
541 856 60
542 856 60
543 848 60
544 848 60
545 848 60
546 848 59
547 844 59
548 844 59
549 844 59
550 844 59
551 848 59
552 848 59
553 848 59
554 848 59
555 837 59
556 837 59
557 837 59
558 837 59
559 841 59
560 841 59
561 841 59
562 841 59
563 826 59
564 826 60
565 826 60
566 826 60
567 837 60
568 837 60
569 837 60
570 837 60
571 844 60
572 844 60
573 844 60
574 844 60
575 841 60
576 841 60
577 841 60
578 841 60
579 837 60
580 837 60
581 837 60
582 837 60
583 848 60
584 848 60
585 848 60
586 848 60
587 841 60
588 841 60
589 841 60
590 841 60
591 837 60
592 837 60
593 837 60
594 837 60
595 848 60
596 848 60
597 848 60
598 848 60
599 841 60
