1 0 6
2 0 10
3 0 13
4 0 17
5 0 20
6 0 23
7 0 27
8 0 30
9 0 34
10 309 36
11 309 39
12 309 42
13 309 44
14 309 47
15 309 50
16 309 53
17 309 55
18 309 58
19 309 61
20 343 63
21 343 66
22 343 68
23 343 71
24 343 74
25 343 76
26 605 78
27 605 80
28 605 82
29 605 84
30 787 86
31 787 87
32 787 89
33 916 90
34 916 91
35 916 92
36 916 94
37 1023 95
38 1023 96
39 1023 97
40 1102 97
41 1102 98
42 1102 99
43 1173 99
44 1173 99
45 1236 99
46 1236 99
47 1236 99
48 1270 99
49 1270 99
50 1270 99
51 1297 99
52 1297 99
53 1315 99
54 1315 99
55 1315 99
56 1344 99
57 1344 99
58 1344 99
59 1344 99
60 1344 99
61 1364 99
62 1364 99
63 1364 99
64 1364 99
65 1374 99
66 1374 99
67 1374 99
68 1384 99
69 1384 99
70 1384 99
71 1384 99
72 1384 99
73 1384 99
74 1384 99
75 1395 99
76 1395 99
77 1395 99
78 1395 99
79 1395 99
80 1395 99
81 1395 99
82 1384 99
83 1384 99
84 1384 99
85 1406 99
86 1406 99
87 1395 99
88 1395 99
89 1395 99
90 1395 99
91 1395 99
92 1406 99
93 1406 99
94 1406 99
95 1406 99
96 1406 99
97 1395 99
98 1395 99
99 1406 99
100 1406 99
101 1406 99
102 1406 99
103 1406 99
104 1406 99
105 1406 99
106 1395 99
107 1395 99
108 1395 99
109 1406 99
110 1406 99
111 1406 99
112 1406 99
113 1416 99
114 1416 99
115 1416 99
116 1406 99
117 1406 99
118 1406 99
119 1406 99
120 1406 99
121 1406 99
122 1406 99
123 1416 99
124 1416 99
125 1406 99
126 1406 99
127 1406 99
128 1406 99
129 1406 99
130 1416 99
131 1416 99
132 1406 99
133 1406 99
134 1406 99
135 1406 99
136 1406 99
137 1406 99
138 1406 99
139 1406 99
140 1406 99
141 1406 99
142 1416 99
143 1416 99
144 1406 99
145 1406 99
146 1406 99
147 1406 99
148 1406 99
149 1406 99
150 1406 99
151 1406 99
152 1406 99
153 1406 99
154 1416 99
155 1416 99
156 1406 99
157 1406 99
158 1406 99
159 1416 99
160 1416 99
161 1406 99
162 1406 99
163 1395 99
164 1395 99
165 1395 99
166 1406 99
167 1406 99
168 1406 99
169 1406 99
170 1406 99
171 1406 99
172 1406 99
173 1406 99
174 1406 99
175 1395 99
176 1395 99
177 1395 99
178 1416 99
179 1416 99
180 1406 99
181 1406 99
182 1395 99
183 1395 99
184 1395 99
185 1406 99
186 1406 99
187 1406 99
188 1406 99
189 1406 99
190 1406 99
191 1406 99
192 1395 99
193 1395 99
194 1406 99
195 1406 99
196 1406 99
197 1406 99
198 1406 99
199 1416 99
200 1416 99
201 1395 99
202 1395 99
203 1395 99
204 1406 99
205 1406 99
206 1406 99
207 1406 99
208 1406 99
209 1406 99
210 1406 99
211 1406 99
212 1406 99
213 1406 99
214 1406 99
215 1406 99
216 1406 99
217 1406 99
218 1406 99
219 1406 99
220 1406 99
221 1406 99
222 1406 99
223 1416 99
224 1416 99
225 1406 99
226 1406 99
227 1406 99
228 1416 99
229 1416 99
230 1406 99
231 1406 99
232 1406 99
233 1406 99
234 1406 99
235 1406 99
236 1406 99
237 1406 99
238 1406 99
239 1416 99
240 1416 99
241 1416 99
242 1416 99
243 1416 99
244 1406 99
245 1406 99
246 1406 99
247 1406 99
248 1406 99
249 1406 99
250 1406 99
251 1406 99
252 1406 99
253 1406 99
254 1416 99
255 1416 99
256 1406 99
257 1406 99
258 1406 99
259 1406 99
260 1406 99
261 1406 99
262 1406 99
263 1406 99
264 1406 99
265 1406 99
266 1406 99
267 1406 99
268 1416 99
269 1416 99
270 1416 99
271 1416 99
272 1416 99
273 1406 99
274 1406 99
275 1406 99
276 1406 99
277 1406 99
278 1416 99
279 1416 99
280 1395 99
281 1395 99
282 1406 99
283 1406 99
284 1406 99
285 1416 99
286 1416 99
287 1406 99
288 1406 99
289 1406 99
290 1406 99
291 1406 99
292 1416 99
293 1416 99
294 1406 99
295 1406 99
296 1406 99
297 1406 99
298 1406 99
299 1416 99
300 1416 99
301 1406 99
302 1406 99
303 1406 99
304 1416 99
305 1416 99
306 1406 99
307 1406 99
308 1406 99
309 1406 99
310 1406 99
311 1406 99
312 1406 99
313 1416 99
314 1416 99
315 1416 99
316 1427 99
317 1427 99
318 1395 99
319 1395 99
320 1416 99
321 1416 99
322 1416 99
323 1406 99
324 1406 99
325 1416 99
326 1416 99
327 1406 99
328 1406 99
329 1406 99
330 1406 99
331 1406 99
332 1416 99
333 1416 99
334 1416 99
335 1416 99
336 1416 99
337 1416 99
338 1416 99
339 1416 99
340 1416 99
341 1416 99
342 1406 99
343 1406 99
344 1416 99
345 1416 99
346 1416 99
347 1416 99
348 1416 99
349 1406 99
350 1406 99
351 1416 99
352 1416 99
353 1406 99
354 1406 99
355 1406 99
356 1416 99
357 1416 99
358 1406 99
359 1406 99
360 1406 99
361 1427 99
362 1427 99
363 1416 99
364 1416 99
365 1416 99
366 1416 99
367 1416 99
368 1406 99
369 1406 99
370 1416 99
371 1416 99
372 1406 99
373 1406 99
374 1406 99
375 1416 99
376 1416 99
377 1406 99
378 1406 99
379 1406 99
380 1416 99
381 1416 99
382 1406 99
383 1406 99
384 1416 99
385 1416 99
386 1416 99
387 1416 99
388 1416 99
389 1406 99
390 1406 99
391 1406 99
392 1406 99
393 1406 99
394 1416 99
395 1416 99
396 1406 99
397 1406 99
398 1406 99
399 1416 99
400 1416 99
401 1406 99
402 1406 99
403 1416 99
404 1416 99
405 1416 99
406 1416 99
407 1416 99
408 1406 99
409 1406 99
410 1416 99
411 1416 99
412 1416 99
413 1416 99
414 1416 99
415 1406 99
416 1406 99
417 1416 99
418 1416 99
419 1416 99
420 1406 99
421 1406 99
422 1416 99
423 1416 99
424 1416 99
425 1416 99
426 1416 99
427 1406 99
428 1406 99
429 1427 99
430 1427 99
431 1427 99
432 1406 99
433 1406 99
434 1416 99
435 1416 99
436 1406 99
437 1406 99
438 1406 99
439 1416 99
440 1416 99
441 1416 99
442 1416 99
443 1416 99
444 1416 99
445 1416 99
446 1416 99
447 1416 99
448 1416 99
449 1416 99
450 1416 99
451 1416 99
452 1416 99
453 1406 99
454 1406 99
455 1416 99
456 1416 99
457 1416 99
458 1406 99
459 1406 99
460 1416 99
461 1416 99
462 1416 99
463 1416 99
464 1416 99
465 1416 99
466 1416 99
467 1406 99
468 1406 99
469 1406 99
470 1416 99
471 1416 99
472 1406 99
473 1406 99
474 1416 99
475 1416 99
476 1416 99
477 1427 99
478 1427 99
479 1416 99
480 1416 99
481 1406 99
482 1406 99
483 1406 99
484 1416 99
485 1416 99
486 1416 99
487 1416 99
488 1416 99
489 1416 99
490 1416 99
491 1406 99
492 1406 99
493 1427 99
494 1427 99
495 1427 99
496 1406 99
497 1406 99
498 1406 99
499 1406 99
500 1406 99
501 1406 99
502 1406 99
503 1416 99
504 1416 99
505 1406 99
506 1406 99
507 1416 99
508 1416 99
509 1416 99
510 1416 99
511 1416 99
512 1416 99
513 1416 99
514 1416 99
515 1427 99
516 1427 99
517 1406 99
518 1406 99
519 1416 99
520 1416 99
521 1416 99
522 1406 99
523 1406 99
524 1416 99
525 1416 99
526 1416 99
527 1416 99
528 1416 99
529 1406 99
530 1406 99
531 1416 99
532 1416 99
533 1416 99
534 1427 99
535 1427 99
536 1406 99
537 1406 99
538 1416 99
539 1416 99
540 1416 99
541 1416 99
542 1416 99
543 1416 99
544 1416 99
545 1406 99
546 1406 99
547 1406 99
548 1416 99
549 1416 99
550 1416 99
551 1416 99
552 1406 99
553 1406 99
554 1406 99
555 1427 99
556 1427 99
557 1416 99
558 1416 99
559 1416 99
560 1416 99
561 1416 99
562 1416 99
563 1416 99
564 1406 99
565 1406 99
566 1406 99
567 1416 99
568 1416 99
569 1416 99
570 1416 99
571 1406 99
572 1406 99
573 1406 99
574 1416 99
575 1416 99
576 1406 99
577 1406 99
578 1427 99
579 1427 99
580 1427 99
581 1427 99
582 1427 99
583 1416 99
584 1416 99
585 1416 99
586 1406 99
587 1406 99
588 1416 99
589 1416 99
590 1406 99
591 1406 99
592 1406 99
593 1416 99
594 1416 99
595 1416 99
596 1416 99
597 1416 99
598 1416 99
599 1416 99
