1 0 5
2 0 8
3 0 10
4 0 13
5 0 16
6 0 18
7 0 21
8 0 24
9 0 27
10 0 29
11 0 32
12 0 35
13 0 37
14 225 40
15 225 42
16 225 44
17 225 46
18 225 48
19 225 50
20 225 53
21 225 55
22 225 57
23 381 59
24 381 61
25 381 62
26 381 64
27 381 66
28 381 68
29 594 69
30 594 70
31 594 72
32 594 73
33 736 74
34 736 75
35 736 76
36 736 77
37 841 77
38 841 78
39 841 79
40 841 79
41 921 80
42 921 80
43 921 81
44 974 81
45 974 82
46 974 82
47 974 83
48 1029 83
49 1029 83
50 1029 83
51 1064 83
52 1064 84
53 1064 84
54 1096 84
55 1096 84
56 1096 84
57 1109 84
58 1109 84
59 1109 84
60 1130 84
61 1130 84
62 1130 84
63 1144 84
64 1144 84
65 1144 84
66 1158 84
67 1158 84
68 1158 84
69 1158 84
70 1158 84
71 1165 84
72 1165 84
73 1165 83
74 1165 83
75 1165 83
76 1165 83
77 1173 83
78 1173 83
79 1173 83
80 1173 83
81 1173 83
82 1173 83
83 1165 82
84 1165 82
85 1165 82
86 1165 82
87 1165 82
88 1165 82
89 1165 82
90 1165 82
91 1158 82
92 1158 82
93 1158 82
94 1165 82
95 1165 82
96 1165 81
97 1151 81
98 1151 81
99 1151 81
100 1158 81
101 1158 81
102 1158 81
103 1151 81
104 1151 81
105 1151 81
106 1144 81
107 1144 81
108 1144 81
109 1144 81
110 1144 81
111 1144 81
112 1144 81
113 1144 81
114 1144 81
115 1144 81
116 1144 81
117 1144 81
118 1144 80
119 1144 80
120 1144 80
121 1137 80
122 1137 80
123 1137 80
124 1137 80
125 1137 80
126 1137 80
127 1137 80
128 1137 80
129 1130 80
130 1130 80
131 1130 80
132 1137 80
133 1137 80
134 1137 80
135 1123 80
136 1123 80
137 1123 80
138 1123 80
139 1123 80
140 1123 80
141 1130 80
142 1130 80
143 1130 80
144 1130 80
145 1130 80
146 1130 80
147 1130 80
148 1130 80
149 1130 80
150 1123 80
151 1123 80
152 1123 80
153 1123 80
154 1123 80
155 1123 80
156 1130 80
157 1130 80
158 1130 80
159 1123 80
160 1123 80
161 1123 80
162 1130 80
163 1130 80
164 1130 80
165 1123 80
166 1123 81
167 1123 81
168 1130 81
169 1130 81
170 1130 81
171 1130 81
172 1130 81
173 1130 81
174 1130 81
175 1130 81
176 1130 81
177 1137 81
178 1137 80
179 1137 80
180 1137 80
181 1137 80
182 1137 80
183 1144 80
184 1144 80
185 1144 80
186 1130 80
187 1130 80
188 1130 80
189 1137 80
190 1137 80
191 1137 80
192 1130 80
193 1130 80
194 1130 80
195 1130 80
196 1130 80
197 1130 80
198 1123 80
199 1123 80
200 1123 80
201 1137 80
202 1137 80
203 1137 80
204 1123 80
205 1123 80
206 1123 80
207 1130 80
208 1130 80
209 1130 80
210 1123 80
211 1123 80
212 1123 80
213 1130 80
214 1130 80
215 1123 80
216 1123 80
217 1123 80
218 1137 80
219 1137 80
220 1137 80
221 1123 80
222 1123 80
223 1123 80
224 1137 80
225 1137 80
226 1137 80
227 1123 80
228 1123 80
229 1123 80
230 1130 80
231 1130 80
232 1130 80
233 1123 80
234 1123 80
235 1123 80
236 1130 80
237 1130 80
238 1130 80
239 1123 80
240 1123 81
241 1123 81
242 1130 81
243 1130 81
244 1130 81
245 1130 81
246 1130 81
247 1130 81
248 1130 81
249 1130 81
250 1130 81
251 1137 81
252 1137 80
253 1137 80
254 1137 80
255 1137 80
256 1137 80
257 1130 80
258 1130 80
259 1130 80
260 1137 80
261 1137 80
262 1137 80
263 1130 80
264 1130 80
265 1130 80
266 1130 80
267 1130 80
268 1130 80
269 1130 80
270 1130 80
271 1130 80
272 1130 80
273 1130 80
274 1130 80
275 1130 80
276 1130 80
277 1130 80
278 1130 80
279 1130 80
280 1130 80
281 1123 80
282 1123 80
283 1123 80
284 1130 80
285 1130 80
286 1130 80
287 1130 80
288 1130 80
289 1130 80
290 1130 80
291 1130 80
292 1130 80
293 1123 80
294 1123 80
295 1123 80
296 1137 80
297 1137 80
298 1123 80
299 1123 80
300 1123 80
301 1144 80
302 1144 80
303 1144 80
304 1123 80
305 1123 80
306 1123 80
307 1130 80
308 1130 80
309 1130 80
310 1130 80
311 1130 80
312 1130 80
313 1130 80
314 1130 80
315 1130 80
316 1123 80
317 1123 80
318 1123 80
319 1137 80
320 1137 80
321 1137 80
322 1123 80
323 1123 80
324 1123 80
325 1137 80
326 1137 80
327 1137 80
328 1130 80
329 1130 80
330 1130 80
331 1130 80
332 1130 80
333 1130 80
334 1130 80
335 1130 80
336 1130 80
337 1130 80
338 1130 80
339 1130 80
340 1130 80
341 1130 80
342 1130 80
343 1130 80
344 1130 80
345 1130 80
346 1130 80
347 1130 80
348 1130 80
349 1130 80
350 1130 80
351 1130 80
352 1123 80
353 1123 80
354 1123 80
355 1130 80
356 1130 80
357 1130 80
358 1130 80
359 1130 80
360 1130 80
361 1123 81
362 1123 81
363 1123 81
364 1130 81
365 1130 81
366 1130 81
367 1130 81
368 1130 81
369 1130 81
370 1137 81
371 1137 81
372 1137 80
373 1144 80
374 1144 80
375 1137 80
376 1137 80
377 1137 80
378 1144 80
379 1144 80
380 1144 80
381 1130 80
382 1130 80
383 1130 80
384 1137 80
385 1137 80
386 1137 80
387 1130 80
388 1130 80
389 1130 80
390 1130 80
391 1130 80
392 1130 80
393 1130 80
394 1130 80
395 1130 80
396 1130 80
397 1130 80
398 1130 80
399 1130 80
400 1130 80
401 1130 80
402 1130 80
403 1130 80
404 1130 80
405 1130 80
406 1130 80
407 1130 80
408 1130 80
409 1130 80
410 1130 80
411 1130 80
412 1130 80
413 1130 80
414 1130 80
415 1130 80
416 1130 80
417 1130 80
418 1130 80
419 1130 80
420 1130 80
421 1130 80
422 1130 80
423 1130 80
424 1130 80
425 1130 80
426 1130 80
427 1130 80
428 1130 80
429 1123 80
430 1123 80
431 1123 80
432 1130 80
433 1130 80
434 1130 80
435 1130 80
436 1130 80
437 1130 80
438 1130 80
439 1130 80
440 1130 80
441 1130 80
442 1130 80
443 1130 80
444 1130 80
445 1130 80
446 1130 80
447 1123 80
448 1123 80
449 1123 80
450 1137 80
451 1137 80
452 1137 80
453 1130 80
454 1130 80
455 1123 80
456 1123 80
457 1123 80
458 1130 80
459 1130 80
460 1130 80
461 1130 80
462 1130 80
463 1130 80
464 1130 80
465 1130 80
466 1130 80
467 1130 80
468 1130 80
469 1130 80
470 1130 80
471 1130 80
472 1130 80
473 1130 80
474 1130 80
475 1130 80
476 1123 80
477 1123 80
478 1123 80
479 1130 80
480 1130 80
481 1130 80
482 1137 80
483 1137 80
484 1137 80
485 1130 80
486 1130 80
487 1130 80
488 1123 80
489 1123 80
490 1123 80
491 1130 80
492 1130 80
493 1130 80
494 1130 80
495 1130 80
496 1130 80
497 1130 80
498 1130 80
499 1130 80
500 1130 80
501 1130 80
502 1130 80
503 1130 80
504 1130 80
505 1130 80
506 1130 80
507 1130 80
508 1130 80
509 1130 80
510 1130 80
511 1130 80
512 1130 80
513 1130 80
514 1130 80
515 1130 80
516 1130 80
517 1130 80
518 1130 80
519 1130 80
520 1130 80
521 1130 80
522 1130 80
523 1130 80
524 1130 80
525 1130 80
526 1130 80
527 1130 80
528 1130 80
529 1130 80
530 1130 80
531 1130 80
532 1130 80
533 1130 80
534 1130 80
535 1130 80
536 1137 80
537 1137 80
538 1130 80
539 1130 80
540 1130 80
541 1130 80
542 1130 80
543 1130 80
544 1130 80
545 1130 80
546 1130 80
547 1130 80
548 1130 80
549 1130 80
550 1130 80
551 1130 80
552 1130 80
553 1130 80
554 1130 80
555 1130 80
556 1137 80
557 1137 80
558 1137 80
559 1123 80
560 1123 80
561 1123 80
562 1130 80
563 1130 80
564 1130 80
565 1130 80
566 1130 80
567 1130 80
568 1130 80
569 1130 80
570 1130 80
571 1130 80
572 1130 80
573 1130 80
574 1130 80
575 1130 80
576 1130 80
577 1137 80
578 1137 80
579 1137 80
580 1130 80
581 1130 80
582 1130 80
583 1130 80
584 1130 80
585 1130 80
586 1130 80
587 1130 80
588 1130 80
589 1130 80
590 1130 80
591 1130 80
592 1130 80
593 1130 80
594 1130 80
595 1130 80
596 1130 80
597 1130 80
598 1130 80
599 1130 80
