1 0 -4
2 0 -2
3 0 0
4 0 1
5 0 3
6 0 5
7 0 7
8 0 9
9 0 11
10 0 13
11 0 15
12 0 17
13 0 19
14 0 21
15 0 23
16 0 25
17 0 27
18 0 29
19 168 32
20 168 34
21 168 36
22 168 37
23 168 39
24 168 40
25 168 42
26 168 44
27 168 45
28 168 47
29 168 49
30 319 51
31 319 53
32 319 54
33 319 55
34 319 56
35 319 58
36 520 61
37 520 61
38 520 62
39 520 63
40 520 64
41 653 65
42 653 66
43 653 66
44 653 67
45 653 67
46 754 69
47 754 69
48 754 69
49 754 69
50 822 70
51 822 70
52 822 70
53 822 70
54 868 70
55 868 70
56 868 70
57 907 71
58 907 70
59 907 70
60 907 70
61 930 70
62 930 70
63 930 70
64 930 70
65 944 69
66 944 69
67 944 69
68 959 69
69 959 69
70 959 68
71 959 68
72 954 68
73 954 67
74 954 67
75 954 67
76 954 67
77 954 66
78 954 66
79 949 66
80 949 65
81 949 65
82 939 65
83 939 65
84 939 64
85 939 64
86 935 64
87 935 64
88 935 63
89 921 63
90 921 63
91 921 63
92 921 62
93 902 62
94 902 62
95 902 62
96 902 62
97 894 61
98 894 61
99 894 61
100 894 61
101 881 61
102 881 61
103 881 61
104 868 60
105 868 60
106 868 60
107 868 60
108 864 60
109 864 60
110 864 60
111 864 60
112 848 60
113 848 60
114 848 60
115 848 60
116 841 60
117 841 60
118 841 60
119 841 60
120 844 60
121 844 60
122 844 60
123 844 60
124 837 60
125 837 60
126 837 60
127 837 60
128 841 60
129 841 60
130 841 60
131 841 60
132 833 60
133 833 60
134 833 60
135 833 60
136 833 60
137 833 60
138 833 60
139 833 60
140 833 60
141 833 60
142 833 60
143 833 60
144 833 60
145 833 60
146 833 60
147 833 60
148 833 60
149 833 60
150 833 60
151 833 60
152 833 60
153 833 60
154 833 60
155 833 60
156 833 60
157 833 60
158 833 60
159 833 60
160 833 60
161 833 60
162 833 60
163 833 60
164 833 60
165 833 60
166 833 60
167 833 60
168 833 60
169 833 60
170 833 60
171 833 60
172 837 60
173 837 60
174 837 60
175 837 60
176 833 60
177 833 60
178 833 61
179 833 61
180 837 61
181 837 61
182 837 61
183 837 61
184 837 61
185 837 61
186 837 61
187 837 61
188 841 61
189 841 61
190 841 61
191 841 61
192 852 61
193 852 61
194 852 61
195 852 61
196 844 61
197 844 61
198 844 61
199 844 61
200 844 61
201 844 61
202 844 61
203 844 61
204 848 61
205 848 61
206 848 61
207 848 61
208 848 61
209 848 60
210 848 60
211 848 60
212 848 60
213 848 60
214 848 60
215 848 60
216 844 60
217 844 60
218 844 60
219 844 60
220 837 60
221 837 60
222 837 60
223 837 60
224 837 60
225 837 60
226 837 60
227 837 60
228 837 60
229 837 60
230 837 60
231 837 60
232 841 60
233 841 60
234 841 60
235 841 60
236 833 60
237 833 60
238 833 60
239 833 60
240 833 60
241 833 60
242 833 60
243 833 60
244 833 60
245 833 61
246 833 61
247 833 61
248 837 61
249 837 61
250 837 61
251 837 61
252 841 61
253 841 61
254 841 61
255 841 61
256 844 61
257 844 61
258 844 61
259 844 61
260 844 61
261 844 61
262 844 61
263 844 61
264 848 61
265 848 61
266 848 61
267 848 61
268 848 61
269 848 61
270 848 61
271 848 61
272 852 61
273 852 61
274 852 61
275 852 60
276 848 60
277 848 60
278 848 60
279 848 60
280 844 60
281 844 60
282 844 60
283 844 60
284 844 60
285 844 60
286 844 60
287 844 60
288 837 60
289 837 60
290 837 60
291 837 60
292 841 60
293 841 60
294 841 60
295 841 60
296 837 60
297 837 60
298 837 60
299 837 60
300 833 60
301 833 60
302 833 60
303 833 60
304 837 60
305 837 60
306 837 60
307 837 60
308 833 60
309 833 60
310 833 60
311 833 60
312 837 60
313 837 60
314 837 61
315 837 61
316 837 61
317 837 61
318 837 61
319 837 61
320 837 61
321 837 61
322 837 61
323 837 61
324 844 61
325 844 61
326 844 61
327 844 61
328 844 61
329 844 61
330 844 61
331 844 61
332 848 61
333 848 61
334 848 61
335 848 61
336 848 61
337 848 61
338 848 61
339 848 61
340 848 60
341 848 60
342 848 60
343 848 60
344 848 60
345 848 60
346 848 60
347 844 60
348 844 60
349 844 60
350 844 60
351 844 60
352 844 60
353 844 60
354 844 60
355 837 60
356 837 60
357 837 60
358 837 60
359 837 60
360 837 60
361 837 60
362 837 60
363 833 60
364 833 60
365 833 60
366 833 60
367 837 60
368 837 60
369 837 60
370 837 60
371 833 60
372 833 60
373 833 60
374 833 60
375 837 61
376 837 61
377 837 61
378 837 61
379 837 61
380 837 61
381 837 61
382 837 61
383 841 61
384 841 61
385 841 61
386 841 61
387 844 61
388 844 61
389 844 61
390 844 61
391 844 61
392 844 61
393 844 61
394 844 61
395 848 61
396 848 61
397 848 61
398 848 61
399 848 61
400 848 61
401 848 61
402 848 60
403 844 60
404 844 60
405 844 60
406 844 60
407 848 60
408 848 60
409 848 60
410 848 60
411 841 60
412 841 60
413 841 60
414 841 60
415 837 60
416 837 60
417 837 60
418 837 60
419 841 60
420 841 60
421 841 60
422 841 60
423 837 60
424 837 60
425 837 60
426 837 60
427 833 60
428 833 60
429 833 60
430 833 60
431 837 60
432 837 60
433 837 60
434 837 60
435 833 60
436 833 60
437 833 60
438 833 61
439 833 61
440 833 61
441 833 61
442 833 61
443 841 61
444 841 61
445 841 61
446 841 61
447 841 61
448 841 61
449 841 61
450 841 61
451 841 61
452 841 61
453 841 61
454 841 61
455 848 61
456 848 61
457 848 61
458 848 61
459 844 61
460 844 61
461 844 61
462 844 61
463 848 61
464 848 61
465 848 61
466 848 61
467 848 61
468 848 61
469 848 61
470 848 61
471 848 60
472 848 60
473 848 60
474 848 60
