1 0 2
2 0 3
3 0 5
4 0 6
5 0 7
6 0 9
7 0 10
8 0 11
9 0 13
10 0 14
11 0 15
12 0 17
13 0 18
14 0 19
15 0 21
16 0 22
17 0 23
18 0 25
19 0 26
20 0 27
21 152 28
22 152 29
23 152 30
24 152 31
25 152 32
26 152 33
27 152 34
28 152 35
29 152 36
30 152 37
31 152 38
32 303 38
33 303 39
34 303 40
35 303 40
36 303 41
37 303 41
38 303 42
39 303 43
40 436 43
41 436 43
42 436 43
43 436 44
44 436 44
45 436 44
46 436 44
47 514 45
48 514 45
49 514 45
50 514 45
51 514 45
52 514 45
53 561 45
54 561 45
55 561 45
56 561 45
57 561 45
58 586 45
59 586 45
60 586 45
61 586 45
62 586 44
63 586 44
64 601 44
65 601 44
66 601 44
67 601 44
68 601 44
69 601 44
70 601 44
71 601 43
72 601 43
73 601 43
74 601 43
75 603 43
76 603 43
77 603 43
78 603 43
79 603 42
80 603 42
81 596 42
82 596 42
83 596 42
84 596 42
85 596 42
86 588 42
87 588 42
88 588 42
89 588 41
90 588 41
91 588 41
92 579 41
93 579 41
94 579 41
95 579 41
96 579 41
97 579 41
98 573 41
99 573 41
100 573 41
101 573 41
102 573 41
103 573 41
104 565 41
105 565 40
106 565 40
107 565 40
108 565 40
109 565 40
110 563 40
111 563 40
112 563 40
113 563 40
114 563 40
115 563 40
116 553 40
117 553 40
118 553 40
119 553 40
120 553 40
121 553 40
122 553 40
123 553 40
124 553 40
125 553 40
126 553 40
127 553 40
128 548 40
129 548 40
130 548 40
131 548 40
132 548 40
133 548 40
134 548 40
135 548 40
136 548 40
137 548 40
138 548 40
139 548 40
140 546 40
141 546 40
142 546 40
143 546 40
144 546 40
145 546 40
146 549 40
147 549 40
148 549 40
149 549 40
150 549 40
151 549 40
152 544 40
153 544 40
154 544 40
155 544 40
156 544 40
157 544 40
158 544 40
159 551 40
160 551 40
161 551 40
162 551 40
163 551 40
164 551 40
165 546 40
166 546 40
167 546 40
168 546 40
169 546 40
170 546 40
171 546 41
172 546 41
173 546 41
174 546 41
175 546 41
176 546 41
177 551 41
178 551 41
179 551 41
180 551 41
181 551 41
182 551 41
183 554 41
184 554 41
185 554 41
186 554 41
187 554 41
188 554 41
189 566 40
190 566 40
191 566 40
192 566 40
193 566 40
194 566 40
195 561 40
196 561 40
197 561 40
198 561 40
199 561 40
200 561 40
201 556 40
202 556 40
203 556 40
204 556 40
205 556 40
206 556 40
207 554 40
208 554 40
209 554 40
210 554 40
211 554 40
212 554 40
213 556 40
214 556 40
215 556 40
216 556 40
217 556 40
218 556 40
219 553 40
220 553 40
221 553 40
222 553 40
223 553 40
224 553 40
225 553 40
226 553 40
227 553 40
228 553 40
229 553 40
230 553 40
231 554 40
232 554 40
233 554 40
234 554 40
235 554 40
236 554 40
237 553 40
238 553 40
239 553 40
240 553 40
241 553 40
242 553 40
243 556 40
244 556 40
245 556 40
246 556 40
247 556 40
248 556 40
249 551 40
250 551 40
251 551 40
252 551 40
253 551 40
254 551 40
255 549 40
256 549 40
257 549 40
258 549 40
259 549 40
260 549 40
261 556 40
262 556 40
263 556 40
264 556 40
265 556 40
266 556 40
267 551 40
268 551 40
269 551 40
270 551 40
271 551 40
272 551 40
273 548 40
274 548 40
275 548 40
276 548 40
277 548 40
278 548 40
279 548 40
280 553 40
281 553 40
282 553 40
283 553 40
284 553 40
285 553 40
286 554 40
287 554 40
288 554 40
289 554 40
290 554 40
291 554 40
292 556 40
293 556 40
294 556 40
295 556 40
296 556 40
297 556 40
298 548 40
299 548 40
300 548 40
301 548 40
302 548 40
303 548 40
304 551 40
305 551 40
306 551 40
307 551 40
308 551 40
309 551 40
310 548 40
311 548 40
312 548 40
313 548 40
314 548 40
315 548 40
316 553 40
317 553 40
318 553 40
319 553 40
320 553 40
321 553 40
322 551 40
323 551 40
324 551 40
325 551 40
326 551 40
327 551 40
328 548 40
329 548 40
330 548 40
331 548 40
332 548 40
333 548 40
334 553 40
335 553 40
336 553 40
337 553 40
338 553 40
339 553 40
340 556 40
341 556 40
342 556 40
343 556 40
344 556 40
345 556 40
346 554 40
347 554 40
348 554 40
349 554 40
350 554 40
351 554 40
352 554 40
353 554 40
354 554 40
355 554 40
356 554 40
357 554 40
358 556 40
359 556 40
360 556 40
361 556 39
362 556 39
363 556 39
364 556 39
365 556 39
366 556 39
367 556 39
368 556 39
369 556 39
370 548 39
371 548 39
372 548 39
373 548 39
374 548 39
375 548 39
376 548 39
377 544 39
378 544 39
379 544 40
380 544 40
381 544 40
382 544 40
383 543 40
384 543 40
385 543 40
386 543 40
387 543 40
388 543 40
389 549 40
390 549 40
391 549 40
392 549 40
393 549 40
394 549 40
395 551 40
396 551 40
397 551 40
398 551 40
399 551 40
400 551 40
401 549 40
402 549 40
403 549 40
404 549 40
405 549 40
406 549 40
407 554 40
408 554 40
409 554 40
410 554 40
411 554 40
412 554 40
413 553 40
414 553 40
415 553 40
416 553 40
417 553 40
418 553 40
419 556 40
420 556 40
421 556 40
422 556 40
423 556 40
424 556 40
425 556 40
426 556 40
427 556 40
428 556 40
429 556 40
430 556 40
431 553 40
432 553 40
433 553 39
434 553 39
435 553 39
436 553 39
437 554 39
438 554 39
439 554 39
440 554 39
441 554 39
442 554 39
443 543 39
444 543 39
445 543 39
446 543 40
447 543 40
448 543 40
449 543 40
450 543 40
451 543 40
452 543 40
453 543 40
454 543 40
455 543 40
456 551 40
457 551 40
458 551 40
459 551 40
460 551 40
461 551 40
462 544 40
463 544 40
464 544 40
465 544 40
466 544 40
467 544 40
468 553 40
469 553 40
470 553 40
471 553 40
472 553 40
473 553 40
474 556 40
475 556 40
476 556 40
477 556 40
478 556 40
479 556 40
480 554 40
481 554 40
482 554 40
483 554 40
484 554 40
485 554 40
486 558 40
487 558 40
488 558 40
489 558 40
490 558 40
491 558 40
492 554 40
493 554 40
494 554 40
495 554 40
496 554 40
497 554 40
498 556 39
499 556 39
500 556 39
501 556 39
502 556 39
503 556 39
504 549 39
505 549 39
506 549 39
507 549 39
508 549 39
509 549 39
510 549 39
511 549 39
512 549 39
513 549 39
514 549 39
515 549 39
516 543 40
517 543 40
518 543 40
519 543 40
520 543 40
521 543 40
522 548 40
523 548 40
524 548 40
525 548 40
526 548 40
527 548 40
528 549 40
529 549 40
530 549 40
531 549 40
532 549 40
533 549 40
534 553 40
535 553 40
536 553 40
537 553 40
538 553 40
539 553 40
540 556 40
541 556 40
542 556 40
543 556 40
544 556 40
545 556 40
546 556 40
547 556 40
548 556 40
549 556 40
550 556 40
551 556 40
552 556 39
553 553 39
554 553 39
555 553 39
556 553 39
557 553 39
558 553 39
559 553 39
560 553 39
561 553 39
562 553 39
563 553 39
564 553 39
565 546 39
566 546 39
567 546 39
568 546 39
569 546 39
570 546 40
571 543 40
572 543 40
573 543 40
574 543 40
575 543 40
576 543 40
577 541 40
578 541 40
579 541 40
580 541 40
581 541 40
582 541 40
583 549 40
584 549 40
585 549 40
586 549 40
587 549 40
588 549 40
589 554 40
590 554 40
591 554 40
592 554 40
593 554 40
594 554 40
595 554 40
596 554 40
597 554 40
598 554 40
599 554 40
